20346.439999999999
20608.549999999999
20553.389999999999
20568.669999999998
20832.849999999999
20960.669999999998
21566.720000000001
21459.770000000000
21282.630000000001
22127.910000000000
21929.880000000001
21460.419999999998
21619.970000000001
22359.830000000002
22107.360000000001
23016.139999999999
22424.619999999999
22871.310000000001
23250.590000000000
23839.259999999998
22803.639999999999
22548.490000000002
23354.259999999998
22359.360000000001
21651.770000000000
21383.049999999999
21787.459999999999
21454.160000000000
20358.779999999999
19842.860000000001
20311.130000000001
20353.930000000000
19331.619999999999
19082.180000000000
17613.980000000000
19077.070000000000
18321.340000000000
18501.980000000000
17788.040000000001
18201.759999999998